11 1
18 1
26 1
34 1
37 1
40 1
45 1
56 1
57 1
59 1
62 1
63 1
65 1
73 1
74 1
80 1
99 1
102 1
104 1
105 1
107 1
108 1
112 1
114 1
116 1
137 1
191 11
203 1
211 5
221 1
279 1
310 1
321 1
372 5
388 1
407 1
414 1
460 1
490 1
558 1
600 1
602 1
635 1
689 1
701 1
720 1
736 1
788 1
793 1
813 1
815 1
840 1
867 1
872 1
873 1
913 1
958 1
985 1
1045 1
1056 1
1067 1
1080 1
1141 1
1143 1
1148 1
1161 1
1188 1
1191 1
1239 1
1250 1
1300 1
1305 1
1314 1
1347 1
1353 1
1356 5
1379 1
1380 1
1394 1
1396 1
1409 1
1423 1
1427 1
1454 5
1456 1
1459 1
1478 1
1503 1
1516 7
1525 1
1557 1
1566 1
1590 1
1593 4
1611 1
1612 1
1620 1
1638 1
1648 1
1669 1
1674 1
1715 1
1779 1
1785 1
1803 1
1829 1
1837 1
1843 1
1852 1
1856 1
1857 1
1884 1
1902 1
1907 1
1924 1
1937 1
1939 1
1952 1
1957 1
1970 1
1982 1
2019 1
2028 1
2032 1
2048 1
2053 1
2073 1
2086 1
2101 5
2123 1
2130 1
2133 1
2134 1
2135 1
2140 1
2152 1
2157 1
2180 1
2181 1
2186 1
2187 1
2192 1
2193 1
2203 1
2210 1
2226 1
2233 1
2234 1
2249 5
2252 1
2254 1
2258 1
2270 1
2271 1
2280 1
2282 1
2289 1
2294 1
2297 1
2299 1
2301 1
2310 1
2318 1
2320 1
2335 1
2363 1
2376 1
2384 1
2401 3
2414 1
2420 1
2428 1
2432 1
2445 1
2457 1
2471 1
2474 1
2493 1
2501 1
2507 1
2508 11
2532 1
2547 1
2552 1
2568 5
2574 1
2579 1
2582 1
2583 5
2603 7
2604 5
2606 1
2634 4
2642 1
2648 1
2667 1
2683 7
2686 10
2690 5
2692 5
2698 7
2699 5
2700 4
2702 5
2707 1
2730 1
2732 3
2736 1
2761 5
2764 5
2765 2
2781 1
2782 7
2790 4
2800 1
2801 1
2805 5
2806 1
2813 1
2828 11
2837 1
2841 1
2845 5
2849 1
2854 5
2864 5
2865 5
2869 11
2870 5
2875 1
2882 11
2893 5
2900 5
2905 5
2907 5
2910 5
2912 1
2914 11
2922 1
2927 5
2928 5
2929 1
2942 5
2944 1
2945 1
2953 1
2959 5
2964 5
2970 5
2972 11
2975 7
3013 1
3021 1
3048 11
3087 3
3088 3
3092 1
3107 11
3113 5
3152 1
3154 1
3163 1
3176 5
3192 11
3205 1
3221 7
3248 5
3249 1
3271 5
3277 5
3285 1
3286 1
3295 7
3297 1
3299 1
3302 5
3311 1
3319 5
3329 1
3331 1
