11 10
18 5
26 1
34 10
37 1
40 1
45 10
56 1
57 1
59 1
62 1
63 1
65 10
73 10
74 10
80 10
99 1
102 1
104 1
105 10
107 1
108 1
112 1
114 1
116 10
137 5
191 11
203 10
211 5
221 1
279 1
310 10
321 1
372 10
388 1
407 10
414 17
460 1
490 10
558 10
600 1
602 1
635 10
689 10
701 1
720 1
736 10
788 10
793 10
813 10
815 1
840 10
867 1
872 1
873 10
913 1
958 10
985 10
1045 1
1056 1
1067 10
1080 10
1141 1
1143 10
1148 10
1161 10
1188 5
1191 1
1239 1
1250 5
1300 1
1305 10
1314 10
1347 10
1353 10
1356 11
1379 10
1380 10
1394 10
1396 10
1409 10
1423 10
1427 10
1454 10
1456 1
1459 1
1478 1
1503 1
1516 10
1525 10
1557 10
1566 10
1590 10
1593 10
1611 10
1612 1
1620 1
1638 10
1648 10
1669 10
1674 1
1715 10
1779 10
1785 1
1803 10
1829 10
1837 10
1843 10
1852 10
1856 1
1857 10
1884 10
1902 10
1907 10
1924 1
1937 10
1939 10
1952 1
1957 10
1970 1
1982 10
2019 1
2028 10
2032 10
2048 10
2053 10
2073 1
2086 10
2101 10
2123 10
2130 10
2133 1
2134 10
2135 10
2140 10
2152 10
2157 10
2180 10
2181 10
2186 10
2187 10
2192 10
2193 10
2203 10
2210 10
2226 10
2233 10
2234 10
2249 11
2252 10
2254 10
2258 10
2270 10
2271 10
2280 10
2282 10
2289 10
2294 10
2297 10
2299 10
2301 11
2310 10
2318 11
2320 10
2335 10
2363 11
2376 10
2384 10
2401 3
2414 10
2420 10
2428 10
2432 10
2445 10
2457 10
2471 10
2474 10
2493 10
2501 11
2507 11
2508 11
2532 10
2547 10
2552 10
2568 11
2574 11
2579 10
2582 11
2583 11
2603 4
2604 11
2606 10
2634 4
2642 9
2648 10
2667 10
2683 10
2686 10
2690 10
2692 13
2698 5
2699 10
2700 4
2702 10
2707 10
2730 11
2732 13
2736 1
2761 11
2764 10
2765 10
2781 10
2782 13
2790 6
2800 11
2801 10
2805 11
2806 11
2813 10
2828 11
2837 10
2841 11
2845 11
2849 10
2854 10
2864 11
2865 10
2869 11
2870 10
2875 10
2882 11
2893 11
2900 11
2905 11
2907 10
2910 11
2912 11
2914 11
2922 10
2927 11
2928 11
2929 10
2942 11
2944 1
2945 11
2953 10
2959 11
2964 10
2970 13
2972 11
2975 10
3013 10
3021 10
3048 11
3087 10
3088 10
3092 10
3107 11
3113 10
3152 10
3154 10
3163 1
3176 11
3192 11
3205 10
3221 10
3248 11
3249 10
3271 5
3277 11
3285 10
3286 10
3295 10
3297 10
3299 3
3302 10
3311 10
3319 10
3329 10
3331 10
