0 10
1 1
2 1
3 1
4 10
5 1
6 10
8 10
9 1
10 1
12 1
13 1
14 10
18 10
19 10
20 10
24 1
26 10
27 1
28 10
30 1
31 10
33 10
36 10
37 10
38 10
39 10
41 10
42 10
43 10
44 1
45 10
46 10
47 10
49 10
50 10
52 10
53 10
55 10
60 10
62 10
64 10
68 10
70 10
72 10
73 10
74 10
75 10
81 10
82 10
85 10
90 0
91 10
93 10
94 10
96 10
99 10
101 10
104 10
109 10
111 10
112 10
113 10
114 1
116 1
117 10
120 10
123 10
127 10
130 10
131 10
133 1
134 10
135 10
137 10
139 1
141 10
142 1
144 10
146 1
147 1
149 10
150 10
151 1
152 10
153 10
154 10
155 10
159 10
160 10
161 10
162 10
165 10
168 1
172 10
176 10
177 1
178 2
182 10
183 10
187 10
191 10
197 1
198 10
199 10
200 10
204 10
205 10
208 10
210 10
211 10
217 10
218 10
219 10
221 10
222 10
223 10
