0 1
1 1
2 1
3 1
4 1
5 1
6 1
8 1
9 1
10 1
12 1
13 1
14 1
18 1
19 1
20 1
24 1
26 1
27 1
28 1
30 1
31 1
33 1
36 1
37 1
38 1
39 1
41 1
42 1
43 1
44 1
45 1
46 1
47 1
49 1
50 1
52 1
53 1
55 1
60 1
62 1
64 1
68 1
70 1
72 1
73 1
74 1
75 1
81 1
82 1
85 1
90 5
91 1
93 1
94 1
96 1
99 1
101 1
104 1
109 1
111 1
112 1
113 1
114 1
116 1
117 1
120 1
123 1
127 1
130 1
131 1
133 1
134 1
135 1
137 1
139 1
141 1
142 1
144 1
146 1
147 1
149 1
150 1
151 1
152 1
153 1
154 1
155 1
159 1
160 1
161 1
162 1
165 1
168 1
172 1
176 1
177 1
178 11
182 1
183 1
187 1
191 1
197 1
198 1
199 1
200 1
204 1
205 1
208 1
210 1
211 1
217 1
218 1
219 1
221 1
222 1
223 1
